18 0.905694 0.437943 0.0868985 0.52042
5 0.818251 0.424114 0.0838091 0.531021
27 0.322894 0.407359 0.0564345 0.512087
34 0.49293 0.413158 0.0850981 0.518796
29 0.453709 0.830025 0.0452514 0.184464
30 0.406339 0.411854 0.0899327 0.514793
32 0.577451 0.415483 0.0838271 0.512275
17 0.729995 0.42634 0.0858947 0.52645
26 0.403542 0.827753 0.0498946 0.180826
1 0.109014 0.382181 0.0888846 0.517006
27 0.556506 0.837453 0.0320905 0.179935
32 0.602887 0.835945 0.0473156 0.19036
29 0.602912 0.835187 0.047195 0.190369
